x =

   1.000000000022423
  -0.000000000029229


X =

   0.500000000000000   0.837106221283542   1.036949607885577   1.001664557696384   1.000003951905608   1.000000000022423
  -0.500000000000000   0.047707998793126  -0.034870887312955  -0.002163857462071  -0.000005166406333  -0.000000000029229


k =

     5


tocna =

   1.000000000022482
  -0.000000000029278