1.METODA NAJHITREJŠEGA SPUSTA
[x,X,k] = najhitrejsi_spust(gradF,[1 1]',0.09,10^-10,100)

k =

    76

x =

   0.0334904718
  -0.5669809432

X(:,1:5) = 

    1.0000000000
    1.0000000000

    0.7300000000
    0.6400000000

    0.5569375600
    0.3450624400

    0.4430159704
    0.1063752688

    0.3597960526
   -0.0790381111


X(:,end-4:end) =

    0.0334904722
   -0.5669809427

    0.0334904720
   -0.5669809429

    0.0334904719
   -0.5669809430

    0.0334904719
   -0.5669809431

    0.0334904718
   -0.5669809432



2.METODA NAJMANJŠIH KVADRATOV
a) Koeficienti polinoma stopnje 7, dobljeni z direktnim reševanjem sistema:
 12.3946226115
-44.6849616981
 64.9683663419
-48.4829014528
 19.5778873712
-3.68566732281
 0.12960759132
 0.14905880909

Druga norma: 95.492249236594930
Prva norma: 1.940730731988832e+02
Neskončna norma: 64.968366341929439


b) Koeficienti elipsoida so:
A = 0.9662048491
B = 1.7916126013
C = 2.2926327716
